"date" "rain" "flow" "temp_medio" "u2" "Eto"
"1" "jan/80" 277.93 18620 24.2780163708842 1.55212346672804 123.321026714195
"2" "fev/80" 265 28947 23.8585879061359 1.56967648871391 104.146843339916
"3" "mar/80" 40.45 32211 24.0890723840098 1.6662761317432 138.969524935937
"4" "abr/80" 68.28 14114 23.931457238857 1.71607760530962 116.829217535929
"5" "mai/80" 9.42 10869 23.2151178519753 1.7960536352885 116.446296322933
"6" "jun/80" 23.9 7105 22.0396455049904 1.78583481874614 100.123346418982
"7" "jul/80" 11.08 6561 21.5585821133714 1.7741938936797 114.349637458722
"8" "ago/80" 9.46 5577 22.6602733762296 2.11278849405067 139.71625793386
"9" "set/80" 22.88 4940 24.4668890097884 2.04880742134879 142.899540675498
"10" "out/80" 31.18 5208 25.4866904041225 2.17576815312164 173.440004721354
"11" "nov/80" 159.6 6646 24.7816308336082 1.77210421311335 130.569951598353
"12" "dez/80" 206.98 13495 24.4935790982972 1.61996054505374 129.529042396747
"13" "jan/81" 174.75 17428 24.5834005962134 1.53408084055921 136.981869431728
"14" "fev/81" 30.52 15417 25.1816587932378 1.92838011701022 152.836201549416
"15" "mar/81" 307.39 13611 25.0031107558166 1.30008510598699 119.277781426487
"16" "abr/81" 61.3 17845 23.2198039488512 1.51239846438426 116.00724439316
"17" "mai/81" 18.9 8597 22.2457080313826 1.72925095273458 111.505466999163
"18" "jun/81" 27.28 6053 21.2751485610581 1.72139234322244 102.801981024479
"19" "jul/81" 8.47 4912 20.5267370333996 2.05176472953417 119.802164723196
"20" "ago/81" 13.68 4422 22.3163091435213 2.01922536541499 142.853301008402
"21" "set/81" 7.66 4088 24.1472438581715 2.10204984414419 160.003657551718
"22" "out/81" 132.85 5394 24.9779691309215 1.80535278611836 146.085479849101
"23" "nov/81" 181 12492 24.8178825415803 1.59931161019817 131.224518240338
"24" "dez/81" 120.41 18497 25.3220403968651 1.69653219324015 150.041525922471
"25" "jan/82" 232.15 20706 24.335644256958 1.48295507748055 125.059543577578
"26" "fev/82" 50.78 23499 25.1933072366273 1.69371133987023 139.415649861797
"27" "mar/82" 176.06 22688 25.1225142498829 1.20943251440555 124.057135441773
"28" "abr/82" 77.48 20967 23.644197925501 1.50981875277519 115.572746349752
"29" "mai/82" 31.84 12435 22.5919256022359 1.75042583736758 113.852844933389
"30" "jun/82" 13.22 8094 22.6706764502057 1.66657851481831 108.321772958051
"31" "jul/82" 12.02 6354 22.1233034745358 1.81033530756019 120.00758168703
"32" "ago/82" 17.27 5325 23.4944805807941 1.94628359792001 138.104310776146
"33" "set/82" 22.58 4872 24.6629698457034 1.96101522253818 149.179002688524
"34" "out/82" 43.83 5063 25.8198291286948 1.69098514348819 164.703137466325
"35" "nov/82" 41.6 5097 26.8043156725091 1.70843607505582 171.618793926608
"36" "dez/82" 130.05 5813 25.994595925907 1.6730612225483 148.108519345382
"37" "jan/83" 260.28 15127 24.9249446476448 1.40342109919488 120.269772745074
"38" "fev/83" 208.25 23459 24.6852431157366 1.56560894993829 118.775629534828
"39" "mar/83" 160.09 28460 24.8813408464475 1.41788718336862 122.465539840186
"40" "abr/83" 72.05 21670 24.6661277474793 1.45358342438855 124.871212347572
"41" "mai/83" 15.74 14276 24.320766613496 1.52823228942487 122.068142407097
"42" "jun/83" 10.89 8394 23.1530783497848 1.52737314258301 109.964776745984
"43" "jul/83" 14.35 6448 22.8833313867707 1.68949882598521 119.407432399865
"44" "ago/83" 10.4 5786 23.1034676714033 1.88336310298149 141.451164442749
"45" "set/83" 25.39 4600 25.6855160652445 1.88820973705261 145.219228090535
"46" "out/83" 81.95 6058 25.2817871372792 1.90604267884161 150.33668626572
"47" "nov/83" 193.99 11557 25.2871487614258 1.49867309792804 133.8962992315
"48" "dez/83" 180.66 17700 24.9187660965447 1.44178138854633 136.839057080063
"49" "jan/84" 80.45 19515 25.4766290900137 1.3722679654474 156.222957143481
"50" "fev/84" 61.63 9732 26.2599093353166 1.50903232279373 149.979360550782
"51" "mar/84" 153.02 8327 25.3182112335928 1.22396498845641 128.536679353233
"52" "abr/84" 106.37 12127 23.994796501013 1.4005148844878 108.965618271363
"53" "mai/84" 22.96 6152 23.6428042318191 1.41228763326127 112.10324239381
"54" "jun/84" 7.04 4319 22.5704580211867 1.68301376996792 107.425192126086
"55" "jul/84" 18.52 3791 22.0931814913199 1.91593569869523 116.17150474644
"56" "ago/84" 27.18 3412 23.3207046425114 1.87095938770654 132.213142892005
"57" "set/84" 49.67 4087 24.171452645001 1.83499988520486 142.44800744608
"58" "out/84" 85.14 4355 25.4164209121521 1.7888831659479 159.319441048192
"59" "nov/84" 88.97 5364 25.6558416817832 1.74265726430397 158.299356723895
"60" "dez/84" 137.55 11251 25.8225716683335 1.44590114320255 145.402254827426
"61" "jan/85" 396.01 17606 24.0664238711805 1.38143661408696 104.824038905297
"62" "fev/85" 106.52 24677 24.8352450298433 1.16848776021899 126.244943897489
"63" "mar/85" 165.63 22297 24.8946791539249 1.21838579755477 121.453302340888
"64" "abr/85" 107.77 21552 23.9851279310371 1.25463998937959 109.09506383944
"65" "mai/85" 38.35 9774 23.3345979815531 1.41730816671959 107.623359007035
"66" "jun/85" 27.97 6050 21.090488284493 1.49573498859314 95.8738907285979
"67" "jul/85" 14.38 4849 21.1797709096917 2.05796147447052 115.091166528598
"68" "ago/85" 17.19 4301 23.2481992970241 1.89156478164371 136.856448548501
"69" "set/85" 54.44 4175 24.5085517746223 1.83535939718776 144.57164695733
"70" "out/85" 93.91 5244 25.1734570352872 1.47624385432532 141.358545218555
"71" "nov/85" 131.77 6758 24.8335713205961 1.51262447321481 138.206427750313
"72" "dez/85" 297.39 10250 23.7265056705053 1.21976395584863 113.12771960939
"73" "jan/86" 162.86 18145 24.6206419638298 1.55841649363984 146.950382164107
"74" "fev/86" 124.52 22845 24.9091589425801 1.41616819500061 132.701788371717
"75" "mar/86" 110.14 15433 24.9102197289967 1.41987722058215 138.576690824099
"76" "abr/86" 62.09 7504 24.8121987490577 1.5012438564315 124.662990043701
"77" "mai/86" 38.39 5548 23.6365390828285 1.5540177926024 113.179861474345
"78" "jun/86" 24.5 4140 21.2991337563018 1.57961114713622 104.807944936512
"79" "jul/86" 28.14 3854 21.4636747348796 1.74436016666714 104.563909806976
"80" "ago/86" 31.3 3826 23.1293140307153 1.7661025983637 127.545646033097
"81" "set/86" 13.76 3556 23.7897616213269 1.91146049387928 146.934840614387
"82" "out/86" 61.1 3057 24.7145970297245 1.84745399161212 149.285666848992
"83" "nov/86" 80.12 3443 25.1342079941929 1.63522817385128 153.907202682305
"84" "dez/86" 168.74 5657 25.1058447555947 1.53137239652392 141.337187876724
"85" "jan/87" 89.91 9786 25.8149360925854 1.55317643461838 160.621452474818
"86" "fev/87" 49.92 8151 26.2271384936106 1.95843194884708 151.466588151847
"87" "mar/87" 174 7954 25.1439508197127 1.44941230767873 129.051494823095
"88" "abr/87" 97.33 9023 24.4929862223583 1.4593722710313 117.138686285612
"89" "mai/87" 28.88 5436 24.1839609331304 1.36773311299886 113.902269549633
"90" "jun/87" 18.97 3681 22.6260461083757 1.50218073952016 94.7208785539222
"91" "jul/87" 16.14 3351 22.491339569743 1.54319517286958 106.077282382289
"92" "ago/87" 4.88 2666 23.6654684652292 1.66431515730661 129.574445484949
"93" "set/87" 29.36 2614 25.0514607701383 1.94596800610003 149.396167593523
"94" "out/87" 41.15 2941 26.8656484964906 1.83758067144678 175.555903424959
"95" "nov/87" 143.52 4207 25.8338166207281 1.73403407824874 145.705775300102
"96" "dez/87" 237.73 10491 25.1289588048147 1.57189532554822 135.565033931967
"97" "jan/88" 122.59 16025 25.8320090691609 1.6149782181778 162.291851347881
"98" "fev/88" 120.56 11356 26.2052454443246 1.65131048109369 146.470058064785
"99" "mar/88" 190.94 13520 25.2062730642729 1.44601570972367 129.397219745346
"100" "abr/88" 105.52 10242 25.0102691332139 1.45226221326943 117.904130990936
"101" "mai/88" 14.14 6412 24.0476283648381 1.34070686526471 111.860969651053
"102" "jun/88" 21.35 3847 21.8802948331635 1.71382001166659 97.2876651650863
"103" "jul/88" 23.69 3244 21.0942108134631 1.76244020790277 115.857678844335
"104" "ago/88" 13.25 3260 21.5859339912002 2.05569731102339 130.745038655023
"105" "set/88" 20.17 3123 24.251029985708 2.11444799924657 155.414705894783
"106" "out/88" 81.93 3240 25.3370858215137 1.8879456130107 156.89881132704
"107" "nov/88" 112.28 5009 24.9667910345207 1.80298824821058 146.072627876566
"108" "dez/88" 236.05 7515 24.2865890989583 1.3837853823555 133.526130349283
"109" "jan/89" 82.33 11260 25.2649710452181 1.61105056036183 158.693321300225
"110" "fev/89" 99.48 7968 25.7080899245211 1.49714370637927 139.189434509322
"111" "mar/89" 131.79 9373 25.218428045358 1.5371084184918 137.727455180296
"112" "abr/89" 60.52 5721 24.7165621024548 1.13582192621542 116.503926976746
"113" "mai/89" 44.35 4024 22.7584205019728 1.22467387954173 105.67940600951
"114" "jun/89" 31.03 3163 22.3080146652473 1.10607186826252 93.431298539812
"115" "jul/89" 39.12 3089 21.3962726239809 1.3100195295311 106.177144715064
"116" "ago/89" 13.98 2916 23.0987484129063 1.63891790472349 129.556252526286
"117" "set/89" 36.15 2729 25.3135228814274 1.39568209146413 142.422360351808
"118" "out/89" 58.32 2896 25.3017184023261 1.42083975699915 147.022436775512
"119" "nov/89" 173.48 5191 25.0269482170342 1.30166184176634 131.665144690885
"120" "dez/89" 498.89 17434 23.3643421305612 1.25119739021205 102.426746284598
"121" "jan/90" 51.97 27552 25.466176642693 1.38742584423671 160.392057315005
"122" "fev/90" 126.95 12315 25.308982408308 1.19214443231937 121.615858889522
"123" "mar/90" 59.21 9534 25.6399372040022 1.1382521932247 142.166752816646
"124" "abr/90" 40.17 6510 25.4445298757696 1.17736064077695 126.604132060574
"125" "mai/90" 34.63 4164 23.8717996080047 1.18934539372422 109.502753938168
"126" "jun/90" 11.81 3262 22.5648517806591 1.31230748944649 100.40271993758
"127" "jul/90" 35.96 3343 22.4856775305915 1.31372267256745 107.260596622883
"128" "ago/90" 23.14 3086 23.3151766264492 1.86269670021504 137.288124181295
"129" "set/90" 26.43 3103 24.6551710941427 1.63251135346942 143.483221956682
"130" "out/90" 54.5 3390 25.6707227837779 1.79755348668087 154.889839822698
"131" "nov/90" 183.56 4118 25.9793025682404 1.48641957995046 153.587281236906
"132" "dez/90" 104.82 4721 25.5467278085217 1.36800063183644 150.566904716089
"133" "jan/91" 228.25 10371 24.648616252865 1.30529661838252 128.094672751539
"134" "fev/91" 124 16051 25.5605419319773 1.35466685384233 128.796939819072
"135" "mar/91" 193.92 14597 24.9709416758873 1.37875831676186 127.11017473105
"136" "abr/91" 56.74 15961 24.6491692286248 1.41219628530559 123.436376911794
"137" "mai/91" 24.04 7841 23.1736387329316 1.67387052671116 114.376352706985
"138" "jun/91" 12.85 4715 22.4750951531874 1.66146887299577 109.02824486897
"139" "jul/91" 7.72 3780 21.2372833615969 1.98112041156107 118.465291796576
"140" "ago/91" 13.65 3431 21.9718054937047 2.18884478367027 137.004863904675
"141" "set/91" 24.72 3215 23.7615319282809 1.82453283680973 136.611137548243
"142" "out/91" 50.5 4157 25.4355934452628 1.9494415256919 169.227793345569
"143" "nov/91" 177.67 5785 24.931929998665 1.42454411795068 130.054584119521
"144" "dez/91" 147.95 9597 25.0155138820706 1.29000078506433 133.925806473119
"145" "jan/92" 357.39 14583 23.9652939450394 1.32318032257271 108.695086033691
"146" "fev/92" 212.3 27797 23.2460803969482 1.31826827151018 106.771381770361
"147" "mar/92" 68.06 39325 24.6287608633866 1.38148081605383 139.054641740703
"148" "abr/92" 67.82 13379 24.8485778432828 1.11856978754739 116.447757943835
"149" "mai/92" 16.88 8788 23.6911598859477 1.1771813305903 114.709233673805
"150" "jun/92" 13.02 5736 22.0626098402752 1.4979369376566 101.085663990236
"151" "jul/92" 13.67 4587 21.5148569943833 1.54205358369854 110.565090679227
"152" "ago/92" 9.86 4216 22.8781082741274 1.68996747400018 128.522726607015
"153" "set/92" 36.57 4292 24.1317465389025 1.78982669444921 135.740895868187
"154" "out/92" 92.27 5672 25.1755255291483 1.59806813797377 146.410067263483
"155" "nov/92" 191.67 12272 24.4262038258575 1.4575000530514 129.655598510459
"156" "dez/92" 230.58 14952 23.8724584890583 1.36893786196871 120.394359393579
"157" "jan/93" 95.5 17690 24.7727570184544 1.55670730704866 157.245883759758
"158" "fev/93" 116.72 14160 24.8694125175425 1.5444722498263 131.383972929817
"159" "mar/93" 41.16 12780 25.9103844229144 1.46207348746505 165.907195254391
"160" "abr/93" 58.21 8124 25.2282120673137 1.4469567277785 128.954190647658
"161" "mai/93" 20 5737 23.3354624049501 1.65755815736754 116.851660042162
"162" "jun/93" 19.2 4403 21.830760565378 1.66064447593964 100.84629196824
"163" "jul/93" 14.43 3809 22.0289344118288 1.68686250085131 113.950300013375
"164" "ago/93" 13.47 3645 22.8497948486117 1.71942141453177 125.878287308093
"165" "set/93" 21.59 3261 25.1109455122542 1.69928775373875 145.605953391589
"166" "out/93" 55.14 3810 25.7380158161257 1.92806607089213 169.18426289259
"167" "nov/93" 84.12 3966 26.4727248879021 1.84086314603651 165.183291523389
"168" "dez/93" 179.94 5755 25.7382868308321 1.6372266029334 147.009756282042
"169" "jan/94" 209.26 15743 25.3335569070088 1.2951120670451 140.055332994657
"170" "fev/94" 95.18 14657 25.954135769269 1.3759480003395 140.562503784195
"171" "mar/94" 245.07 14666 24.7009972305774 1.22843331677858 125.31397682974
"172" "abr/94" 76.27 15188 24.4892659597232 1.43559788265593 123.672914213278
"173" "mai/94" 39.71 6921 23.8543264130382 1.42748124758466 115.584056083305
"174" "jun/94" 50.81 4956 22.4194385537431 1.42808522049845 95.9520548404382
"175" "jul/94" 16.41 4206 21.6032324992571 1.7875726814807 109.665510639898
"176" "ago/94" 9.38 3424 22.2485740736484 1.6783092512024 134.505840721405
"177" "set/94" 13.3 3411 24.3719637973717 1.97090154164274 161.2048035292
"178" "out/94" 29.32 2709 26.3335501387656 1.88078735921406 178.495151011597
"179" "nov/94" 135.37 2998 25.8870995836082 1.68017758900338 148.957331205897
"180" "dez/94" 129.14 9162 25.8608303147761 1.58403093943393 155.941031272143
"181" "jan/95" 118.61 8980 26.1589510277471 1.36735915135596 159.278820021332
"182" "fev/95" 165.92 9237 25.3744375208238 1.23767462654425 126.511003965783
"183" "mar/95" 137.32 9462 25.6670711147149 1.31917605975054 141.936281398289
"184" "abr/95" 62.31 8236 24.8210284249748 1.2667949807167 117.559088447704
"185" "mai/95" 55.8 5525 24.0575930118103 1.23461488266727 103.926865060005
"186" "jun/95" 29.36 4247 21.8169436906627 1.43690830379701 96.7020374714209
"187" "jul/95" 15.07 3301 22.1701459988426 1.70155464400491 112.455655933406
"188" "ago/95" 7.25 2897 23.1703438096555 1.79575363454423 142.338335763401
"189" "set/95" 9.72 2316 24.7430788479434 2.04481160572041 161.227843343092
"190" "out/95" 68.17 2816 26.3720375755763 1.65255196667857 168.308718684693
"191" "nov/95" 177.47 5072 25.0047791808016 1.61801288778513 139.02156782584
"192" "dez/95" 231.42 9510 25.1766188022841 1.34276123688146 135.644619850765
"193" "jan/96" 73.94 13994 25.6324588177337 1.42688292901109 164.499750499434
"194" "fev/96" 71.32 7180 26.3679694405 1.45286377675449 155.096496833882
"195" "mar/96" 111.76 6599 26.1431659884808 1.30940761828326 140.187962356448
"196" "abr/96" 102.43 5700 24.7738810574115 1.45225168771937 121.492501231706
"197" "mai/96" 59.05 4011 23.43321567831 1.32258235758071 109.782370865905
"198" "jun/96" 28.96 3135 21.8823290377589 1.66720915484783 103.40637177159
"199" "jul/96" 14.31 2624 21.5223220222769 1.7009749530868 114.81829413142
"200" "ago/96" 20.88 2061 23.0599751009395 1.86955980265206 134.007955028837
"201" "set/96" 17.02 2062 24.97900534183 2.11244704537152 160.63880662683
"202" "out/96" 66.75 2427 26.2146770137353 1.74826426492073 162.227536852931
"203" "nov/96" 204.94 5012 24.8555684307859 1.65134460559707 132.028258786935
"204" "dez/96" 133.15 10357 25.6291920123521 1.47124180227166 151.26849974433
"205" "jan/97" 215.95 18744 24.9825825792164 1.36087718004465 134.565916221886
"206" "fev/97" 76.15 15085 25.2650749572586 1.60284440551081 142.147972009551
"207" "mar/97" 297.04 12932 24.055331290543 1.48776642138464 115.076757630272
"208" "abr/97" 101.05 13278 23.674302774375 1.30483104242347 107.411500366781
"209" "mai/97" 40 7825 21.9567726793618 1.53879469850425 99.1210780124149
"210" "jun/97" 25.13 5374 21.7037705326668 1.28628276442272 94.4829781238742
"211" "jul/97" 15.62 4119 21.3052190148877 1.72440495294399 108.985150897027
"212" "ago/97" 8.71 3714 22.1202842146806 1.85151879408857 138.09923994821
"213" "set/97" 19.91 3247 26.2647049649964 1.61214556957541 157.411695616906
"214" "out/97" 70.14 3368 26.7466380354939 1.71125092109552 170.097914257939
"215" "nov/97" 93.89 3951 26.7287215387062 1.51340672212401 161.512186048456
"216" "dez/97" 157.19 9500 26.1862170973138 1.47920702827053 152.4388273266
"217" "jan/98" 151.46 10594 26.2234278772206 1.3336827898 146.156857050361
"218" "fev/98" 135.04 10074 26.8161337001407 1.38621232137059 140.269475230589
"219" "mar/98" 58.26 9703 27.0524313476907 1.53165489414434 158.882580105967
"220" "abr/98" 20.85 4962 27.0270372720741 1.62719140369824 148.172222019361
"221" "mai/98" 28.31 3724 24.7335509010835 1.67641545397173 127.865965114653
"222" "jun/98" 15.57 2970 22.7728533170977 1.77483925659309 110.246406755117
"223" "jul/98" 13.22 2532 22.7650458758648 1.73318237195805 120.042694032472
"224" "ago/98" 13.04 2342 24.2005091096279 1.90881423290306 145.188932596658
"225" "set/98" 5.16 2076 25.8278760679733 2.09821214223039 170.185413667574
"226" "out/98" 49.17 2133 26.5141500454446 1.96094275127708 171.664846141713
"227" "nov/98" 197.97 5617 25.4898375659631 1.41230938774016 132.471851082195
"228" "dez/98" 148.21 9429 25.5800968623469 1.46044727140259 148.854073936671
"229" "jan/99" 109.33 9412 25.848151162941 1.40276434450922 155.156495670478
"230" "fev/99" 102.26 5773 26.120242629848 1.5162840044472 142.844976046555
"231" "mar/99" 159.12 11913 25.1914309006541 1.26180225687123 136.342606242973
"232" "abr/99" 12.42 7741 25.2318007105752 1.6303214985988 138.894945391467
"233" "mai/99" 20.58 3918 23.5133624460607 1.53884465697835 115.940110738848
"234" "jun/99" 8.71 2734 22.9210493022345 1.49532295958444 105.997455064819
"235" "jul/99" 8.46 2357 22.2364945881602 1.96125997184091 119.986468250903
"236" "ago/99" 5.81 2022 22.3912014880826 2.08359478151827 138.630390389285
"237" "set/99" 23.95 2250 24.511435400863 1.90959096114634 151.901792927107
"238" "out/99" 81.15 1810 25.0873450214798 1.8323266923475 153.135748879171
"239" "nov/99" 192.84 4519 24.4752234842238 1.52822823103558 130.839561006693
"240" "dez/99" 203.17 9395 24.6618393577189 1.46180705091273 135.184876870801
"241" "jan/00" 160.65 12776 25.0167905627226 1.34602280972404 139.121749221719
"242" "fev/00" 135.14 15464 25.1318900478232 1.34938159176526 132.516658964291
"243" "mar/00" 133.45 13478 24.8589480544696 1.4365110323826 133.180002737073
"244" "abr/00" 53.71 10852 24.5553599158578 1.43195502421293 122.936292574159
"245" "mai/00" 6.54 5417 23.3210294647511 1.48613611114746 115.028186731075
"246" "jun/00" 9.72 3665 22.1493205657511 1.59461802657758 102.023161518042
"247" "jul/00" 8.18 2852 22.0959076315127 1.75157316120131 113.31000343259
"248" "ago/00" 14.71 2941 23.3232082750393 1.89565356687111 137.635372378457
"249" "set/00" 35.67 2773 24.4450823409427 2.10777357464047 147.945484604494
"250" "out/00" 30.31 2415 26.4558411078678 1.92239868778786 179.942079012383
"251" "nov/00" 204.97 5035 24.9557269335422 1.597696597592 134.845518364313
"252" "dez/00" 230.07 10726 24.9475763704814 1.41830570545027 131.349744129629
"253" "jan/01" 50.03 10247 25.1634619312206 1.5859077007744 161.221612020557
"254" "fev/01" 56.99 5278 26.1914158205334 1.45611007182811 146.502199831983
"255" "mar/01" 116.53 5249 25.2481249354049 1.35211026820878 137.176983010881
"256" "abr/01" 24.52 3920 25.1169135618875 1.61561654238657 136.583570595918
"257" "mai/01" 25.22 2521 24.643030956092 1.40658981429096 120.50160903676
"258" "jun/01" 17.06 2469 22.5999565154228 1.70821584818159 105.869263702155
"259" "jul/01" 10.46 1990 22.4066015449263 1.81664195703886 117.374775705483
"260" "ago/01" 9.36 1844 22.5094743055639 2.26679235595691 138.034812965443
"261" "set/01" 13.19 1942 24.9878867845167 1.9272301809562 153.799438577722
"262" "out/01" 75.99 2187 25.5342336553339 1.74271272300803 155.169181963228
"263" "nov/01" 128.41 3483 25.9892911130482 1.53779828148385 147.442811517648
"264" "dez/01" 160.86 6494 25.5525462178393 1.66839106238089 149.405477862123
"265" "jan/02" 220.36 15221 24.9367959364703 1.58552351229849 133.687478925141
"266" "fev/02" 131.09 14308 24.9916027246362 1.40656070794728 129.237089823389
"267" "mar/02" 52.82 10773 25.6398300520257 1.565240533023 149.25351102923
"268" "abr/02" 22.92 6850 25.1886482186047 1.55369659619922 135.16997693514
"269" "mai/02" 24.1 3294 23.9746290860241 1.55134889314649 120.689729973044
"270" "jun/02" 7.75 2652 22.648550530453 1.70898296988579 105.280413154845
"271" "jul/02" 9.13 2496 22.9705396481787 1.68908214675496 117.696910012776
"272" "ago/02" 7.33 1931 23.5039501248396 2.03838082957704 146.507388353768
"273" "set/02" 39.34 1510 24.9998196567958 1.93619113943433 152.750529651071
"274" "out/02" 13.43 1939 26.8090647247334 1.92884528508976 189.19221245403
"275" "nov/02" 96.68 2756 26.3176873517794 1.77926287292058 166.39304369744
"276" "dez/02" 188.39 5511 26.2288781416048 1.46032556210249 148.700381692307
"277" "jan/03" 179.71 12384 25.8022900695196 1.33003792577942 141.049277071102
"278" "fev/03" 53.51 13393 25.8339594758377 1.6048926625096 144.020639553596
"279" "mar/03" 125.03 8142 25.7628060623321 1.47726825690037 140.292569256584
"280" "abr/03" 34 7894 25.432388549912 1.50879464846612 134.286795216127
"281" "mai/03" 25.99 4146 23.7866610738813 1.56602801544518 114.570070250633
"282" "jun/03" 5.74 2956 22.6063521224989 1.55819740700178 107.024910459216
"283" "jul/03" 6.99 2648 21.7393533515961 1.90820342246976 119.025409391648
"284" "ago/03" 14.5 2228 23.573163782746 1.83223411965312 135.704930295127
"285" "set/03" 10.59 2027 25.0052651307678 2.05122996406784 159.242354312693
"286" "out/03" 20.47 1496 26.0702619756583 2.00770702413446 175.586104379573
"287" "nov/03" 84.4 2453 26.0593564233493 1.798486911727 158.429157674453
"288" "dez/03" 89.02 4829 26.8363161653955 1.70456633416395 171.261924820327
"289" "jan/04" 304.4 9274 25.0063848756505 1.40618550034521 120.709005226272
"290" "fev/04" 189.38 14870 24.5397417540081 1.23586356781709 117.694377371263
"291" "mar/04" 182.38 19987 24.6125226605532 1.29083913881837 128.257786117669
"292" "abr/04" 57.95 15828 24.6165809490436 1.3533117485648 120.154116281601
"293" "mai/04" 18.14 8536 23.800572942473 1.46488139951636 113.532354000169
"294" "jun/04" 14.23 4548 21.8554150568539 1.68652036235273 99.4974109503865
"295" "jul/04" 14.82 3917 21.3702385705983 1.83068709353254 112.088640055746
"296" "ago/04" 4.59 3066 22.7917429321017 1.8449151523769 139.900072641776
"297" "set/04" 4.39 2684 24.5280250860857 2.09577143822034 167.921018265642
"298" "out/04" 46.72 2624 26.4239671589642 1.92271828391792 173.322191226231
"299" "nov/04" 84.61 3089 26.372337870257 1.85568532062482 163.368796047191
"300" "dez/04" 116.76 5463 25.8454045623564 1.53184777854469 155.107822813059
"301" "jan/05" 166.48 12273 25.9170315501775 1.42444848568015 144.535809172151
"302" "fev/05" 142.71 14671 25.5533327173836 1.35300901164516 130.535230052163
"303" "mar/05" 163.96 14724 25.5044616496616 1.25604810559109 130.764028038497
"304" "abr/05" 57.16 12341 25.0980144333459 1.44272855853018 125.415214307711
"305" "mai/05" 46.79 6703 23.2341754793151 1.59233827944368 107.244537928295
"306" "jun/05" 17.48 4407 22.411979829242 1.69661942244229 98.920199780397
"307" "jul/05" 7.75 3568 21.6770280078928 1.7829119843326 111.515929237218
"308" "ago/05" 6.12 2940 23.0398482336643 1.90144943910694 138.695054067133
"309" "set/05" 19.59 2920 25.333738510452 1.95973918659843 155.078644450282
"310" "out/05" 17.69 2755 27.196526295361 1.91889521146401 191.324784613411
"311" "nov/05" 165.28 4114 25.6056748600248 1.65933751460625 143.765267426279
"312" "dez/05" 182.75 12907 24.8296956836372 1.47490144634342 138.928719243813
